1752241074000 0.9751602829042878 0
1752242094517 0.5532835023280717 1
1752243053684 0.3117792366629641 2
1752243887716 0.2484968465800732 3
1752244721249 0.17798198300365956 4
1752245553003 0.10595314812444127 5
1752246400426 0.09528665697016385 6
1752247246260 0.10259484510103471 7
1752248099530 0.05813360532740092 8
1752248936990 0.05031387613709239 9
1752249777677 0.04560704079099292 10
1752250934295 0.03670573981867096 11
1752252743916 0.047421281422935765 12
1752254416104 0.10266444354326523 13
1752256067109 0.08412785111754863 14
1752257570535 0.06149425422857175 15
1752259961801 0.02127225778918162 16
1752262706237 0.012354121008871006 17
1752263800050 0.008169928658472268 18
1752264688683 0.02268922722861846 19
1752265699458 0.029468628766403458 20
1752266587130 0.037811293044434216 21
1752267595292 0.02181241566771107 22
1752268651222 0.027563730710582792 23
