1752241074000 0.5770392749244713 0
1752242094517 0.7960725075528701 1
1752243053684 0.9093655589123867 2
1752243887716 0.9108761329305136 3
1752244721249 0.9531722054380665 4
1752245553003 0.9758308157099698 5
1752246400426 0.9712990936555891 6
1752247246260 0.974320241691843 7
1752248099530 0.9879154078549849 8
1752248936990 0.9894259818731118 9
1752249777677 0.9879154078549849 10
1752250934295 0.9939577039274925 11
1752252743916 0.9909365558912386 12
1752254416104 0.974320241691843 13
1752256067109 0.972809667673716 14
1752257570535 0.9803625377643505 15
1752259961801 0.9984894259818731 16
1752262706237 0.9984894259818731 17
1752263800050 1.0 18
1752264688683 0.9954682779456193 19
1752265699458 0.9939577039274925 20
1752266587130 0.9909365558912386 21
1752267595292 0.9954682779456193 22
1752268651222 0.9969788519637462 23
