1752163129530 0.595166163141994 0
1752163859670 0.8172205438066465 1
1752164560071 0.879154078549849 2
1752165602917 0.9229607250755287 3
1752166492930 0.9380664652567976 4
1752167147344 0.9486404833836858 5
1752167811558 0.9788519637462235 6
1752168549803 0.9818731117824774 7
1752169893320 0.9894259818731118 8
1752170282528 0.972809667673716 9
1752170504390 0.9818731117824774 10
1752170727091 0.9954682779456193 11
1752170951141 0.9939577039274925 12
1752171179281 0.9894259818731118 13
1752171412906 0.9879154078549849 14
1752171649628 0.9848942598187311 15
1752171883648 0.9818731117824774 16
1752172128417 0.9954682779456193 17
1752172373542 0.9984894259818731 18
1752172620913 0.9984894259818731 19
1752172869281 1.0 20
1752173117729 1.0 21
1752173366441 1.0 22
1752173615439 1.0 23
1752173865329 1.0 24
1752174114278 1.0 25
1752174365221 0.9969788519637462 26
1752174617557 0.9939577039274925 27
1752174865972 1.0 28
1752175114642 0.9984894259818731 29
