1752163129530 0.9802087264478747 0
1752163859670 0.49958282547054694 1
1752164560071 0.3540282587315381 2
1752165602917 0.2404949490397358 3
1752166492930 0.20270208370649562 4
1752167147344 0.14569366450936413 5
1752167811558 0.10370325013499966 6
1752168549803 0.07220244726160502 7
1752169893320 0.061680736656095324 8
1752170282528 0.08343604312832623 9
1752170504390 0.07822614030355413 10
1752170727091 0.034577459354710474 11
1752170951141 0.038292325869922914 12
1752171179281 0.04467145791924432 13
1752171412906 0.036816492333467996 14
1752171649628 0.0560084431913324 15
1752171883648 0.05472148135529544 16
1752172128417 0.02720931573599307 17
1752172373542 0.013833966303132812 18
1752172620913 0.013507315337522873 19
1752172869281 0.007804826834714575 20
1752173117729 0.008021762010745502 21
1752173366441 0.005003178265688552 22
1752173615439 0.004449317366830172 23
1752173865329 0.0030407845795300883 24
1752174114278 0.0064219281139285544 25
1752174365221 0.012805791141949257 26
1752174617557 0.018083024080673915 27
1752174865972 0.014723523068340254 28
1752175114642 0.009741018105613411 29
