1752176008941 0.6253776435045317 0
1752176808076 0.7930513595166163 1
1752177600263 0.8716012084592145 2
1752178390194 0.9169184290030211 3
1752179179017 0.9199395770392749 4
1752179973488 0.9199395770392749 5
1752180669821 0.9637462235649547 6
1752181364026 0.9561933534743202 7
1752182057207 0.9833836858006042 8
1752182824314 0.9969788519637462 9
1752183629176 0.9848942598187311 10
1752184404556 0.972809667673716 11
1752185183909 0.9788519637462235 12
1752185962215 0.9924471299093656 13
1752186736440 0.9803625377643505 14
1752187529222 0.9773413897280967 15
1752188291149 0.9818731117824774 16
1752189071157 0.972809667673716 17
1752189845264 0.9848942598187311 18
