1752176008941 0.9044180002817575 0
1752176808076 0.49891188452611157 1
1752177600263 0.3639260034366677 2
1752178390194 0.23661814166339862 3
1752179179017 0.21011142914388836 4
1752179973488 0.21009796698017782 5
1752180669821 0.124811580331484 6
1752181364026 0.13850844872051857 7
1752182057207 0.07629429330638528 8
1752182824314 0.04081315739682434 9
1752183629176 0.048750387568004275 10
1752184404556 0.07086383318950583 11
1752185183909 0.07257024898809969 12
1752185962215 0.032200595465266456 13
1752186736440 0.06756017000338463 14
1752187529222 0.06451083414518244 15
1752188291149 0.04670585133135319 16
1752189071157 0.0687792114575824 17
1752189845264 0.06336301900840328 18
