1752236474509 1.3480029423071178 0
1752236569519 1.07721169837652 1
1752236660858 0.9578387971370962 2
1752236751826 0.8451015803388958 3
1752236843306 0.7625495457397127 4
1752236935833 0.7298831997321091 5
1752237028247 0.5999506135721582 6
1752237121504 0.5878566831260289 7
1752237215146 0.5905554708757429 8
1752237321575 0.5458554066379985 9
1752237417433 0.44935843064885844 10
1752237508767 0.4521459820947618 11
1752237599896 0.42781018346458044 12
1752237691233 0.4335778443834933 13
1752237783407 0.3995564011828777 14
1752237876558 0.4054868499948179 15
1752237967299 0.38449275101959884 16
1752238057814 0.3247620182230033 17
1752238149197 0.3289125178155582 18
1752238239692 0.33549082715885875 19
1752238331352 0.3142518589323741 20
1752238428557 0.29354566547265587 21
1752238520204 0.28748331545342853 22
1752238613059 0.29258029833661103 23
1752238705553 0.3090263628302384 24
1752238800217 0.22726804766455086 25
1752238894827 0.1892125677891368 26
1752238991069 0.2398920053576775 27
1752239086845 0.1974274973494769 28
1752239183477 0.23030463410288185 29
