1752236474509 0.3731117824773414 0
1752236569519 0.5422960725075529 1
1752236660858 0.5966767371601208 2
1752236751826 0.6555891238670695 3
1752236843306 0.7054380664652568 4
1752236935833 0.6933534743202417 5
1752237028247 0.7688821752265861 6
1752237121504 0.7764350453172205 7
1752237215146 0.7688821752265861 8
1752237321575 0.783987915407855 9
1752237417433 0.823262839879154 10
1752237508767 0.8187311178247734 11
1752237599896 0.824773413897281 12
1752237691233 0.8217522658610272 13
1752237783407 0.8489425981873112 14
1752237876558 0.8277945619335347 15
1752237967299 0.8549848942598187 16
1752238057814 0.8851963746223565 17
1752238149197 0.879154078549849 18
1752238239692 0.8685800604229608 19
1752238331352 0.8685800604229608 20
1752238428557 0.8897280966767371 21
1752238520204 0.8851963746223565 22
1752238613059 0.8987915407854985 23
1752238705553 0.8897280966767371 24
1752238800217 0.9214501510574018 25
1752238894827 0.93202416918429 26
1752238991069 0.9123867069486404 27
1752239086845 0.9214501510574018 28
1752239183477 0.9244712990936556 29
