1752232149857 0.9516616314199395 12
1752232398119 0.9561933534743202 13
1752232676690 0.9773413897280967 14
1752232938140 0.9894259818731118 15
1752233197099 0.9848942598187311 16
1752233461279 0.9984894259818731 17
1752233732854 0.9924471299093656 18
1752234001283 0.9939577039274925 19
1752234264170 0.9969788519637462 20
1752234498816 0.9939577039274925 21
1752234740621 0.9939577039274925 22
1752234973576 0.9924471299093656 23
1752235213352 0.9939577039274925 24
1752235448967 0.9682779456193353 25
1752235678832 0.9758308157099698 26
1752235904719 0.9924471299093656 27
1752236135324 0.9924471299093656 28
1752236365679 0.9939577039274925 29
