1752232149857 0.13394433721967514 12
1752232398119 0.12479387811213462 13
1752232676690 0.0890880468276152 14
1752232938140 0.046491696402216696 15
1752233197099 0.05225955894121231 16
1752233461279 0.026094100187642338 17
1752233732854 0.028067839874961944 18
1752234001283 0.032618523465632675 19
1752234264170 0.018782922339673488 20
1752234498816 0.01981545942540075 21
1752234740621 0.03081718108861558 22
1752234973576 0.02069570084335986 23
1752235213352 0.028656391412852575 24
1752235448967 0.07375680179169171 25
1752235678832 0.05004445383510921 26
1752235904719 0.029076733125593186 27
1752236135324 0.029242062479049372 28
1752236365679 0.02685758916188448 29
